run evtid TE_ORIG[TeV] evttype
118178 17334444 116.96750663991101 HED
118309 46569873 102.93575729304382 HED
118342 24578488 30.62076521944155 LED
118435 58198553 610.5877488142903 HED
118475 52691508 146.1779826565156 HED
118539 54350726 64.06757812393917 HED
118576 45696357 39.98943757772608 LED
118631 36844560 90.7367356356226 HED
118660 61529737 39.38279104244989 LED
118738 995844 117.20640636430508 HED
118741 43101116 123.15133829365845 HED
118778 61465314 40.591182608307655 LED
118973 22324184 43.10483736535336 LED
119097 49522606 26.355859306661696 LED
119101 32538906 70.65895051399663 HED
119125 14422170 127.71159939386612 HED
119136 66932419 211.0889721948742 HED
119146 28561103 80.90132096710107 HED
119739 41603205 236.01052379389444 HED
120027 12133428 5.120773353277741 LED
120045 22615214 207.02622767450632 HED
120157 59255331 96.27756694673741 HED
120185 63879322 54.61373825560833 HED
120186 1306178 34.26390195634162 LED
120205 73761892 19.484785232461437 LED
120244 21476686 46.231176427442506 LED
120260 65493286 23.61625205245084 LED
120535 24248640 153.9482515747462 HED
120680 12284754 51.01165607516075 HED
120708 53550535 44.62602253452751 LED
120798 20915945 225.30509349395697 HED
120860 64513030 174.20063157254415 HED
120884 64276946 29.612887851131653 LED
120935 29325450 28.95407363982637 LED
121761 41853263 162.85394588273633 HED
121762 56963417 29.9364296382358 LED
121769 40349510 82.44199394613861 HED
122055 5809789 28.292923026423818 LED
122060 56194427 23.842828074457948 LED
122152 30701331 103.23148091665985 HED
122154 6905361 41.28936571225344 LED
122160 52726834 100.07837362164939 HED
122316 49995489 29.812484178160563 LED
122318 21601607 24.663247022414037 LED
122361 46565711 109.76163059054583 HED
122469 31925079 27.527357213149706 LED
122604 17469985 591.1748806570415 HED
122605 60656774 28.42976528979237 LED
122663 58987459 41.559167144905 LED
122768 38570780 45.41536538634016 LED
122772 38615684 26.764448237393612 LED
122793 12516001 30.421298501434446 LED
122818 16944987 63.345362958715405 HED
122895 69011827 28.420015601942378 LED
123107 8144529 107.44391729781628 HED
123145 34573112 199.8063826963509 HED
123228 40504010 59.89581750424839 HED
123240 49730417 3050.4477117776546 HED
123281 52248792 71.55695823095714 HED
123334 75182550 91.91807947516347 HED
123620 47444787 105.23956080860947 HED
123662 27529428 117.67846475584254 HED
123751 34239163 271.4171245779897 HED
123762 72626160 1309.2199020223027 HED
123867 11659459 139.95321761976007 HED
123986 63557286 34.23567400632719 LED
123986 77999595 917.5064878509304 HED
124136 15174527 145.91556738257543 HED
124221 76481548 28.150660157744337 LED
124296 49827757 27.885563459897607 LED
124340 19400842 42.72686490455205 LED
124463 35466777 21.96323330056789 LED
124547 66087371 101.55508542174876 HED
124569 22040903 19.542445180147244 LED
124643 5182926 43.81734153208224 LED
124693 33063779 23.434059574185852 LED
124829 42577032 40.61324406714601 LED
124852 74171655 130.9044176816089 HED
124861 32863663 4186.564498197915 HED
124994 15096469 94.53585953803267 HED
125001 73159253 62.36172907575859 HED
125011 43302321 34.1517319970691 LED
125046 64570437 36.39911634803801 LED
125071 31397276 343.5927264487054 HED
125205 19617837 40.481942133347495 LED
125338 65606123 52.48165182667272 HED
125349 12316485 74.62233165496578 HED
125422 26630854 54.94277678788717 HED
125544 54236696 61.77840555289573 HED
125558 19184163 21.479319147385212 LED
125693 21174828 45.88616971113462 LED
125709 6405911 29.1255079275341 LED
125757 12938244 37.399808419435644 LED
125796 16042897 41.541647269980736 LED
125800 83097666 53.992654052083196 HED
125929 11025256 40.730200590947675 LED
125934 55750717 30.475311469444364 LED
125940 7449833 31.306994185121166 LED
125968 61389842 69.38190667999396 HED
125973 80686964 80.36800996278704 HED
126082 40384770 4.389154115049376 LED
126148 74589372 35.069719326167785 LED
126308 20883844 20.994181658795874 LED
126370 61611641 270.25563823350615 HED
126405 50771014 23.346843140274107 LED
126423 50123696 28.65741496896738 LED
126456 1581608 76.17020454781651 HED
126456 35956042 37.674138361520065 LED
126514 73786337 23.818567196933003 LED
126515 20091930 55.905996067319144 HED
126620 19175993 115.3197386478774 HED
126717 29833358 30.144443110414088 LED
126718 53509959 102.67313401561262 HED
126769 62990844 49.08911300106318 LED
126798 67205547 105.77039715891513 HED
126812 38566267 408.8436461424313 HED
126848 8902133 37.83526175723062 LED
126860 17477746 21.90814169981581 LED
126863 14025085 43.07807100390606 LED
126878 30560694 92.13063531132421 HED
126911 6416344 130.65030128964656 HED
126976 9961785 163.88341063407807 HED
126989 59479399 68.94649977419795 HED
127112 69211097 207.0761192057394 HED
127154 9907321 105.09308512262781 HED
127357 17650073 215.17494602794477 HED
127495 54505431 144.22093084785442 HED
127603 48070937 139.61363116728364 HED
127650 18431575 35.36185271182232 LED
127742 55820225 148.76567400414925 HED
127790 45902607 41.65004195489606 LED
127853 67093193 117.42475238791555 HED
127910 25056152 127.90315651812507 HED
128034 69069846 25.02761657796284 LED
128065 17929326 29.94328422804434 LED
128067 65335330 42.7716138961713 LED
128209 54386016 29.271008985344668 LED
128253 44251618 29.47819899427005 LED
128278 49218472 19.63370430489962 LED
128290 6888376 141.6387820488989 HED
128292 15195696 20.43130621861219 LED
128311 26552458 132.67745328563237 HED
128334 9739548 48.21507658468431 LED
128340 58537957 341.92638171619564 HED
128547 14557367 42.317445122721004 LED
128567 21044380 115.91955556278988 HED
128606 54200591 1212.023433523421 HED
128632 62194858 22.80451201336415 LED
128651 44166050 72.09315521502747 HED
128672 38561326 172.70826550112852 HED
128755 32356079 50.97212537362633 HED
128785 76992952 68.46808725037633 HED
128796 26367207 116.79558159545908 HED
128906 80127519 95.33341446792663 HED
128967 17750653 66.85166667763741 HED
129020 20626582 44.0379585816729 LED
129144 66284903 53.16064314276451 HED
129153 11436007 161.40467695366456 HED
129154 45298080 56.24054630201101 HED
129232 51118868 59.550197504439176 HED
129267 34234803 50.17543240052504 HED
129307 80305071 209.48933691510152 HED
129420 59928529 143.74607175670943 HED
129434 58903823 29.978873004883354 LED
129506 21161807 43.2677012095603 LED
129506 49650572 52.661790027022604 HED
129550 51402681 36.44357937061738 LED
129654 8332254 25.245727741131798 LED
129677 55886338 84.02133091089283 HED
129701 49353375 62.825707122393034 HED
129777 67372962 217.53378022588518 HED
129855 33565191 289.1989275801648 HED
129878 40814378 52.49916106742358 HED
129915 72252401 30.555662640880545 LED
129933 32926212 128.04879797892752 HED
130033 50579430 130.53865959784258 HED
130034 7858514 48.51416592870343 LED
130092 30964247 67.02734353517883 HED
130126 56068624 309.03888285720143 HED
130172 52824390 40.13325528578854 LED
130214 17569642 365.61601624775227 HED
130561 84363835 269.1706272810062 HED
130588 44934051 144.92181291965355 HED
130597 55489144 138.45344577582523 HED
130639 37366501 455.1273802350319 HED
130684 80612787 27.93005513035884 LED
130743 25740057 24.921533339270443 LED
130797 67186364 49.41182000482271 LED
130801 16289732 53.7776585669379 HED
130807 3160265 47.03428282215175 LED
130912 76035104 145.8475601720868 HED
130932 35022693 208.35163800366007 HED
131096 32665194 28.454441079446433 LED
131134 60192271 37.60304985584702 LED
131145 43542963 30.871259748122142 LED
131165 9342044 49.816014602563534 LED
131360 57649537 230.73758629757356 HED
131475 34507973 123.82274071897442 HED
131477 57977901 52.18255236812066 HED
131519 27561842 158.8657415053991 HED
131602 39194539 23.519401786076855 LED
131624 12296708 107.71187237742893 HED
131653 53411354 120.59649697373963 HED
131653 63430929 32.5945631245252 LED
131746 47815348 33.710012595218025 LED
131764 48222919 46.739043738717804 LED
131767 7377802 17.355494286842873 LED
131768 80926380 51.290616215684054 HED
131913 38717715 250.99028342412583 HED
132043 80110393 60.61942343539421 HED
132077 9759013 284.7298619802386 HED
132128 69441226 57.90648634207172 HED
132206 36575563 134.89055748847255 HED
132229 66688965 200.27204072836818 HED
132237 23969090 47.43166712670732 LED
132321 28454069 45.884396744622094 LED
132427 70353420 31.249144463447983 LED
132437 16335312 23.631921439516155 LED
132437 67132865 24.38206037719464 LED
132443 12627143 36.89135707919504 LED
132465 3856549 46.61899943782725 LED
132508 42419327 64.83273283243233 HED
132518 766165 161.23625001019312 HED
132577 42662743 462.20039940464005 HED
132684 5635104 77.88117754851386 HED
132707 54984442 48.759761835805016 LED
132768 5390846 23.065129279991865 LED
132792 60166398 45.60249530737549 LED
132814 44222682 42.84430021847801 LED
132910 57145925 109.03227325028891 HED
132974 67924813 93.93210474611952 HED
133091 81419 1367.6300934590192 HED
133092 52499868 32.61486828836964 LED
133119 22683750 67.02521678873568 HED
133331 47828126 31.604480117720723 LED
133348 80807014 44.09466449527439 LED
133394 27261780 55.86266724076177 HED
133433 29047901 34.82571314289119 LED
133572 82361476 81.84250875727784 HED
133609 37927131 73.0510418507417 HED
133634 1410505 36.55389851873431 LED
133945 24635982 15.334056236226584 LED
133985 60770138 23.632540295157092 LED
134013 16038252 121.75865943523245 HED
134081 58268464 22.86260765054601 LED
134116 58596690 16.15950027209167 LED
134139 35473338 201.84756023187774 HED
134187 72386329 38.620197309138966 LED
134191 17593623 121.00609424126695 HED
134207 33533447 45.97552070321731 LED
134354 59221243 38.65845517847849 LED
134482 27754576 35.36153348944995 LED
134498 12605830 19.461826521979052 LED
134512 71996695 31.81004232055298 LED
134533 53384881 321.17731191831916 HED
134535 41069485 95.573292077257 HED
134552 68615710 126.928641224358 HED
134577 31638233 418.1983652571736 HED
134599 66310113 445.34247519347315 HED
134621 31008065 26.593518854877196 LED
134698 40735501 100.15874818948758 HED
134699 70289682 48.81050377080394 LED
134715 65785778 31.761760201811825 LED
134751 31476488 153.10928599952484 HED
134777 8912764 157.60376513139045 HED
134817 29175858 76.99588037337062 HED
134818 73718836 58.559679239557234 HED
134979 17138286 111.80624022787583 HED
135251 10024822 21.454055762907856 LED
135270 69188496 28.78597958315307 LED
135292 56063172 25.37783949063153 LED
135363 69917294 62.16568892198141 HED
135440 3139778 23.304396671347536 LED
135504 28341937 236.890246375399 HED
135553 7213992 34.01948439753062 LED
135591 36044887 55.37595914251471 HED
135736 30987826 303.6545464236689 HED
135832 55176071 32.31957702926017 LED
135906 30719293 120.62623243373962 HED
135908 43512334 46.557963065526394 LED
135930 15193553 39.080874469921724 LED
135936 74588253 36.09700332267244 LED
136015 21306805 38.215939538777995 LED
136055 348073 40.526065245780835 LED
136057 6147475 25.426379586018257 LED
136170 48281000 64.5055861334736 HED
136241 22093816 171.26396967746473 HED
136249 27650203 42.975358284872804 LED
136260 4895987 60.71814850571638 HED
136348 65788242 353.34238090380006 HED
136366 14203460 38.20793878228948 LED
136385 7450363 84.3760984647883 HED
136388 4701751 84.69298796610455 HED
136392 25495567 173.36108479257445 HED
136441 11435033 47.820281815553415 LED
136504 1833389 29.254272323316293 LED
136506 15341152 43.748418208608484 LED
136556 43687362 27.715541648514726 LED
136565 2186969 44.190215625605376 LED
136568 17854328 140.95710363168843 HED
136588 56014830 23.017847856386158 LED
136615 14688828 58.6808538282932 HED
136627 61640402 57.764303339185595 HED
136662 35405932 27.119141770406735 LED
136766 7637140 79.28625477096766 HED
136775 22443736 32.27466527993042 LED
136783 66879340 34.177221542815346 LED
136973 28816141 37.355187822729484 LED
137019 70165712 85.47742536782151 HED
137065 22012496 39.109953116747 LED
137096 70551815 48.36902850665325 LED
137217 75180896 45.398806475351144 LED
137296 24212476 61.30680417937695 HED
137350 7930341 138.4133014446007 HED
137390 43495485 108.18897536080546 HED
137467 64735045 93.54374198420265 HED
137469 77414913 44.16865275838523 LED
137487 35344578 48.118831714480365 LED
137537 52990531 43.06131673982677 LED
137571 16496893 37.87363509417106 LED
137603 30799022 24.25034418965847 LED
137661 22129736 77.5108012631819 HED
137668 51133257 35.12569227393801 LED
137711 79205800 145.34734075069912 HED
137794 38132005 23.472643628647013 LED
137806 8756840 24.96178522597434 LED
137840 57034692 60.38159954585325 HED
137910 29871391 99.71730177977052 HED
137932 1791376 61.31643118439163 HED
137971 11526243 52.07149438412462 HED
138005 24780443 52.37024436232926 HED
138125 11333473 572.0180363525484 HED
138125 29513102 18.230911760566812 LED
138131 35302784 42.95337837575267 LED
138181 66037171 97.79474467219852 HED
138193 21103478 29.87464713602824 LED
138198 44334860 42.92626289086211 LED
138354 45413430 37.82665995836048 LED
138415 56188508 125.40080475330292 HED
138449 20481611 55.53080372288872 HED
138487 60138479 61.63039748912813 HED
138515 8773328 71.01929210802136 HED
138599 39138591 140.32009898378814 HED
138632 31747601 21.50089571828078 LED
138669 4054005 20.58416533465316 LED
138821 46175426 22.454012491526765 LED
138890 34080563 42.912239685599445 LED
138938 62272876 176.05664786378605 HED
139071 47725621 74.1733736968586 HED
139100 34742349 42.41865429205787 LED
139204 39158985 48.63566619252013 LED
139205 9784024 48.931403867644484 LED
139279 10803235 64.58016173523981 HED
139303 27647445 51.69273673365337 HED
139315 50057906 61.926071311548014 HED
139674 30853199 36.62314872817376 LED
139685 1723093 23.016563664584467 LED
139735 13003768 34.63483209994164 LED
139912 46959751 207.59359098093373 HED
139939 8268246 69.14996485192026 HED
140078 30891383 24.375210469155988 LED
140125 41215060 105.1276294101349 HED
140284 303893 49.43026845794582 LED
140312 53817657 103.05028436589795 HED
140314 61338661 15.919079364733918 LED
140436 11917698 30.44189854439113 LED
140472 78196104 54.64628054304155 HED
140601 60511904 263.57907630942645 HED
140626 1288692 1399.737715209058 HED
140729 49427574 38.740128936461765 LED
140752 31006975 68.71810649624027 HED
140799 37236133 30.894255484105706 LED
140824 2517159 28.41758142220352 LED
140843 52432631 26.837279388448017 LED
140870 26727884 125.3513524591829 HED
140896 73492707 38.60087133116234 LED
141104 37015490 46.548767819149 LED
141112 11292662 36.90580817469735 LED
141198 19914656 25.174045745712878 LED
141240 9390028 24.398823338442504 LED
141300 5972385 31.53358855101275 LED
141315 25569816 68.29227084482461 HED
141390 64842455 12.90549783862029 LED
141484 75492250 30.737431534381333 LED
141495 22018019 94.07068373247117 HED
141518 18513107 29.90313322004341 LED
141654 31953389 30.0464950339559 LED
141715 43378962 130.0421125825548 HED
141741 9008919 21.9956428378386 LED
141764 19814286 38.67807841280019 LED
141893 3811884 85.6844722427971 HED
141917 80302474 277.76646971514225 HED
141985 63695019 37.52158195894412 LED
142135 80851825 35.95199946894412 LED
